/*--------------------------------*- C++ -*----------------------------------*\
| =========                 |                                                 |
| \\      /  F ield         | OpenFOAM: The Open Source CFD Toolbox           |
|  \\    /   O peration     | Version:  2.4.0                                 |
|   \\  /    A nd           | Web:      www.OpenFOAM.org                      |
|    \\/     M anipulation  |                                                 |
\*---------------------------------------------------------------------------*/
FoamFile
{
    version     2.0;
    format      ascii;
    class       labelList;
    note        "nPoints:8100  nCells:3900  nFaces:15750  nInternalFaces:7650";
    location    "constant/polyMesh";
    object      neighbour;
}
// * * * * * * * * * * * * * * * * * * * * * * * * * * * * * * * * * * * * * //


7650
(
1
20
2
21
3
22
4
23
5
24
6
25
7
26
8
27
9
28
10
29
11
30
12
31
13
32
14
33
15
34
16
35
17
36
18
37
19
38
39
1600
21
40
22
41
23
42
24
43
25
44
26
45
27
46
28
47
29
48
30
49
31
50
32
51
33
52
34
53
35
54
36
55
37
56
38
57
39
58
59
1610
41
60
42
61
43
62
44
63
45
64
46
65
47
66
48
67
49
68
50
69
51
70
52
71
53
72
54
73
55
74
56
75
57
76
58
77
59
78
79
1620
61
80
62
81
63
82
64
83
65
84
66
85
67
86
68
87
69
88
70
89
71
90
72
91
73
92
74
93
75
94
76
95
77
96
78
97
79
98
99
1630
81
100
82
101
83
102
84
103
85
104
86
105
87
106
88
107
89
108
90
109
91
110
92
111
93
112
94
113
95
114
96
115
97
116
98
117
99
118
119
1640
101
120
102
121
103
122
104
123
105
124
106
125
107
126
108
127
109
128
110
129
111
130
112
131
113
132
114
133
115
134
116
135
117
136
118
137
119
138
139
1650
121
140
122
141
123
142
124
143
125
144
126
145
127
146
128
147
129
148
130
149
131
150
132
151
133
152
134
153
135
154
136
155
137
156
138
157
139
158
159
1660
141
160
142
161
143
162
144
163
145
164
146
165
147
166
148
167
149
168
150
169
151
170
152
171
153
172
154
173
155
174
156
175
157
176
158
177
159
178
179
1670
161
180
162
181
163
182
164
183
165
184
166
185
167
186
168
187
169
188
170
189
171
190
172
191
173
192
174
193
175
194
176
195
177
196
178
197
179
198
199
1680
181
200
182
201
183
202
184
203
185
204
186
205
187
206
188
207
189
208
190
209
191
210
192
211
193
212
194
213
195
214
196
215
197
216
198
217
199
218
219
1690
201
220
202
221
203
222
204
223
205
224
206
225
207
226
208
227
209
228
210
229
211
230
212
231
213
232
214
233
215
234
216
235
217
236
218
237
219
238
239
1700
221
240
222
241
223
242
224
243
225
244
226
245
227
246
228
247
229
248
230
249
231
250
232
251
233
252
234
253
235
254
236
255
237
256
238
257
239
258
259
1710
241
260
242
261
243
262
244
263
245
264
246
265
247
266
248
267
249
268
250
269
251
270
252
271
253
272
254
273
255
274
256
275
257
276
258
277
259
278
279
1720
261
280
262
281
263
282
264
283
265
284
266
285
267
286
268
287
269
288
270
289
271
290
272
291
273
292
274
293
275
294
276
295
277
296
278
297
279
298
299
1730
281
300
282
301
283
302
284
303
285
304
286
305
287
306
288
307
289
308
290
309
291
310
292
311
293
312
294
313
295
314
296
315
297
316
298
317
299
318
319
1740
301
320
302
321
303
322
304
323
305
324
306
325
307
326
308
327
309
328
310
329
311
330
312
331
313
332
314
333
315
334
316
335
317
336
318
337
319
338
339
1750
321
340
322
341
323
342
324
343
325
344
326
345
327
346
328
347
329
348
330
349
331
350
332
351
333
352
334
353
335
354
336
355
337
356
338
357
339
358
359
1760
341
360
342
361
343
362
344
363
345
364
346
365
347
366
348
367
349
368
350
369
351
370
352
371
353
372
354
373
355
374
356
375
357
376
358
377
359
378
379
1770
361
380
362
381
363
382
364
383
365
384
366
385
367
386
368
387
369
388
370
389
371
390
372
391
373
392
374
393
375
394
376
395
377
396
378
397
379
398
399
1780
381
400
382
410
383
420
384
430
385
440
386
450
387
460
388
470
389
480
390
490
391
500
392
510
393
520
394
530
395
540
396
550
397
560
398
570
399
580
590
1790
401
410
402
411
403
412
404
413
405
414
406
415
407
416
408
417
409
418
419
600
411
420
412
421
413
422
414
423
415
424
416
425
417
426
418
427
419
428
429
601
421
430
422
431
423
432
424
433
425
434
426
435
427
436
428
437
429
438
439
602
431
440
432
441
433
442
434
443
435
444
436
445
437
446
438
447
439
448
449
603
441
450
442
451
443
452
444
453
445
454
446
455
447
456
448
457
449
458
459
604
451
460
452
461
453
462
454
463
455
464
456
465
457
466
458
467
459
468
469
605
461
470
462
471
463
472
464
473
465
474
466
475
467
476
468
477
469
478
479
606
471
480
472
481
473
482
474
483
475
484
476
485
477
486
478
487
479
488
489
607
481
490
482
491
483
492
484
493
485
494
486
495
487
496
488
497
489
498
499
608
491
500
492
501
493
502
494
503
495
504
496
505
497
506
498
507
499
508
509
609
501
510
502
511
503
512
504
513
505
514
506
515
507
516
508
517
509
518
519
610
511
520
512
521
513
522
514
523
515
524
516
525
517
526
518
527
519
528
529
611
521
530
522
531
523
532
524
533
525
534
526
535
527
536
528
537
529
538
539
612
531
540
532
541
533
542
534
543
535
544
536
545
537
546
538
547
539
548
549
613
541
550
542
551
543
552
544
553
545
554
546
555
547
556
548
557
549
558
559
614
551
560
552
561
553
562
554
563
555
564
556
565
557
566
558
567
559
568
569
615
561
570
562
571
563
572
564
573
565
574
566
575
567
576
568
577
569
578
579
616
571
580
572
581
573
582
574
583
575
584
576
585
577
586
578
587
579
588
589
617
581
590
582
591
583
592
584
593
585
594
586
595
587
596
588
597
589
598
599
618
591
592
593
594
595
596
597
598
599
619
601
620
602
621
603
622
604
623
605
624
606
625
607
626
608
627
609
628
610
629
611
630
612
631
613
632
614
633
615
634
616
635
617
636
618
637
619
638
639
1800
621
640
622
641
623
642
624
643
625
644
626
645
627
646
628
647
629
648
630
649
631
650
632
651
633
652
634
653
635
654
636
655
637
656
638
657
639
658
659
1810
641
660
642
661
643
662
644
663
645
664
646
665
647
666
648
667
649
668
650
669
651
670
652
671
653
672
654
673
655
674
656
675
657
676
658
677
659
678
679
1820
661
680
662
681
663
682
664
683
665
684
666
685
667
686
668
687
669
688
670
689
671
690
672
691
673
692
674
693
675
694
676
695
677
696
678
697
679
698
699
1830
681
700
682
701
683
702
684
703
685
704
686
705
687
706
688
707
689
708
690
709
691
710
692
711
693
712
694
713
695
714
696
715
697
716
698
717
699
718
719
1840
701
720
702
721
703
722
704
723
705
724
706
725
707
726
708
727
709
728
710
729
711
730
712
731
713
732
714
733
715
734
716
735
717
736
718
737
719
738
739
1850
721
740
722
741
723
742
724
743
725
744
726
745
727
746
728
747
729
748
730
749
731
750
732
751
733
752
734
753
735
754
736
755
737
756
738
757
739
758
759
1860
741
760
742
761
743
762
744
763
745
764
746
765
747
766
748
767
749
768
750
769
751
770
752
771
753
772
754
773
755
774
756
775
757
776
758
777
759
778
779
1870
761
780
762
781
763
782
764
783
765
784
766
785
767
786
768
787
769
788
770
789
771
790
772
791
773
792
774
793
775
794
776
795
777
796
778
797
779
798
799
1880
781
800
782
801
783
802
784
803
785
804
786
805
787
806
788
807
789
808
790
809
791
810
792
811
793
812
794
813
795
814
796
815
797
816
798
817
799
818
819
1890
801
820
802
821
803
822
804
823
805
824
806
825
807
826
808
827
809
828
810
829
811
830
812
831
813
832
814
833
815
834
816
835
817
836
818
837
819
838
839
1900
821
840
822
841
823
842
824
843
825
844
826
845
827
846
828
847
829
848
830
849
831
850
832
851
833
852
834
853
835
854
836
855
837
856
838
857
839
858
859
1910
841
860
842
861
843
862
844
863
845
864
846
865
847
866
848
867
849
868
850
869
851
870
852
871
853
872
854
873
855
874
856
875
857
876
858
877
859
878
879
1920
861
880
862
881
863
882
864
883
865
884
866
885
867
886
868
887
869
888
870
889
871
890
872
891
873
892
874
893
875
894
876
895
877
896
878
897
879
898
899
1930
881
900
882
901
883
902
884
903
885
904
886
905
887
906
888
907
889
908
890
909
891
910
892
911
893
912
894
913
895
914
896
915
897
916
898
917
899
918
919
1940
901
920
902
921
903
922
904
923
905
924
906
925
907
926
908
927
909
928
910
929
911
930
912
931
913
932
914
933
915
934
916
935
917
936
918
937
919
938
939
1950
921
940
922
941
923
942
924
943
925
944
926
945
927
946
928
947
929
948
930
949
931
950
932
951
933
952
934
953
935
954
936
955
937
956
938
957
939
958
959
1960
941
960
942
961
943
962
944
963
945
964
946
965
947
966
948
967
949
968
950
969
951
970
952
971
953
972
954
973
955
974
956
975
957
976
958
977
959
978
979
1970
961
980
962
981
963
982
964
983
965
984
966
985
967
986
968
987
969
988
970
989
971
990
972
991
973
992
974
993
975
994
976
995
977
996
978
997
979
998
999
1980
981
1000
982
1001
983
1002
984
1003
985
1004
986
1005
987
1006
988
1007
989
1008
990
1009
991
1010
992
1011
993
1012
994
1013
995
1014
996
1015
997
1016
998
1017
999
1018
1019
1990
1001
1020
1002
1021
1003
1022
1004
1023
1005
1024
1006
1025
1007
1026
1008
1027
1009
1028
1010
1029
1011
1030
1012
1031
1013
1032
1014
1033
1015
1034
1016
1035
1017
1036
1018
1037
1019
1038
1039
2000
1021
1040
1022
1041
1023
1042
1024
1043
1025
1044
1026
1045
1027
1046
1028
1047
1029
1048
1030
1049
1031
1050
1032
1051
1033
1052
1034
1053
1035
1054
1036
1055
1037
1056
1038
1057
1039
1058
1059
2010
1041
1060
1042
1061
1043
1062
1044
1063
1045
1064
1046
1065
1047
1066
1048
1067
1049
1068
1050
1069
1051
1070
1052
1071
1053
1072
1054
1073
1055
1074
1056
1075
1057
1076
1058
1077
1059
1078
1079
2020
1061
1080
1062
1081
1063
1082
1064
1083
1065
1084
1066
1085
1067
1086
1068
1087
1069
1088
1070
1089
1071
1090
1072
1091
1073
1092
1074
1093
1075
1094
1076
1095
1077
1096
1078
1097
1079
1098
1099
2030
1081
1100
1082
1101
1083
1102
1084
1103
1085
1104
1086
1105
1087
1106
1088
1107
1089
1108
1090
1109
1091
1110
1092
1111
1093
1112
1094
1113
1095
1114
1096
1115
1097
1116
1098
1117
1099
1118
1119
2040
1101
1120
1102
1121
1103
1122
1104
1123
1105
1124
1106
1125
1107
1126
1108
1127
1109
1128
1110
1129
1111
1130
1112
1131
1113
1132
1114
1133
1115
1134
1116
1135
1117
1136
1118
1137
1119
1138
1139
2050
1121
1140
1122
1141
1123
1142
1124
1143
1125
1144
1126
1145
1127
1146
1128
1147
1129
1148
1130
1149
1131
1150
1132
1151
1133
1152
1134
1153
1135
1154
1136
1155
1137
1156
1138
1157
1139
1158
1159
2060
1141
1160
1142
1161
1143
1162
1144
1163
1145
1164
1146
1165
1147
1166
1148
1167
1149
1168
1150
1169
1151
1170
1152
1171
1153
1172
1154
1173
1155
1174
1156
1175
1157
1176
1158
1177
1159
1178
1179
2070
1161
1180
1162
1181
1163
1182
1164
1183
1165
1184
1166
1185
1167
1186
1168
1187
1169
1188
1170
1189
1171
1190
1172
1191
1173
1192
1174
1193
1175
1194
1176
1195
1177
1196
1178
1197
1179
1198
1199
2080
1181
1200
1182
1201
1183
1202
1184
1203
1185
1204
1186
1205
1187
1206
1188
1207
1189
1208
1190
1209
1191
1210
1192
1211
1193
1212
1194
1213
1195
1214
1196
1215
1197
1216
1198
1217
1199
1218
1219
2090
1201
1220
1202
1221
1203
1222
1204
1223
1205
1224
1206
1225
1207
1226
1208
1227
1209
1228
1210
1229
1211
1230
1212
1231
1213
1232
1214
1233
1215
1234
1216
1235
1217
1236
1218
1237
1219
1238
1239
2100
1221
1240
1222
1241
1223
1242
1224
1243
1225
1244
1226
1245
1227
1246
1228
1247
1229
1248
1230
1249
1231
1250
1232
1251
1233
1252
1234
1253
1235
1254
1236
1255
1237
1256
1238
1257
1239
1258
1259
2110
1241
1260
1242
1261
1243
1262
1244
1263
1245
1264
1246
1265
1247
1266
1248
1267
1249
1268
1250
1269
1251
1270
1252
1271
1253
1272
1254
1273
1255
1274
1256
1275
1257
1276
1258
1277
1259
1278
1279
2120
1261
1280
1262
1281
1263
1282
1264
1283
1265
1284
1266
1285
1267
1286
1268
1287
1269
1288
1270
1289
1271
1290
1272
1291
1273
1292
1274
1293
1275
1294
1276
1295
1277
1296
1278
1297
1279
1298
1299
2130
1281
1300
1282
1301
1283
1302
1284
1303
1285
1304
1286
1305
1287
1306
1288
1307
1289
1308
1290
1309
1291
1310
1292
1311
1293
1312
1294
1313
1295
1314
1296
1315
1297
1316
1298
1317
1299
1318
1319
2140
1301
1320
1302
1321
1303
1322
1304
1323
1305
1324
1306
1325
1307
1326
1308
1327
1309
1328
1310
1329
1311
1330
1312
1331
1313
1332
1314
1333
1315
1334
1316
1335
1317
1336
1318
1337
1319
1338
1339
2150
1321
1340
1322
1341
1323
1342
1324
1343
1325
1344
1326
1345
1327
1346
1328
1347
1329
1348
1330
1349
1331
1350
1332
1351
1333
1352
1334
1353
1335
1354
1336
1355
1337
1356
1338
1357
1339
1358
1359
2160
1341
1360
1342
1361
1343
1362
1344
1363
1345
1364
1346
1365
1347
1366
1348
1367
1349
1368
1350
1369
1351
1370
1352
1371
1353
1372
1354
1373
1355
1374
1356
1375
1357
1376
1358
1377
1359
1378
1379
2170
1361
1380
1362
1381
1363
1382
1364
1383
1365
1384
1366
1385
1367
1386
1368
1387
1369
1388
1370
1389
1371
1390
1372
1391
1373
1392
1374
1393
1375
1394
1376
1395
1377
1396
1378
1397
1379
1398
1399
2180
1381
1400
1382
1401
1383
1402
1384
1403
1385
1404
1386
1405
1387
1406
1388
1407
1389
1408
1390
1409
1391
1410
1392
1411
1393
1412
1394
1413
1395
1414
1396
1415
1397
1416
1398
1417
1399
1418
1419
2190
1401
1420
1402
1421
1403
1422
1404
1423
1405
1424
1406
1425
1407
1426
1408
1427
1409
1428
1410
1429
1411
1430
1412
1431
1413
1432
1414
1433
1415
1434
1416
1435
1417
1436
1418
1437
1419
1438
1439
2200
1421
1440
1422
1441
1423
1442
1424
1443
1425
1444
1426
1445
1427
1446
1428
1447
1429
1448
1430
1449
1431
1450
1432
1451
1433
1452
1434
1453
1435
1454
1436
1455
1437
1456
1438
1457
1439
1458
1459
2210
1441
1460
1442
1461
1443
1462
1444
1463
1445
1464
1446
1465
1447
1466
1448
1467
1449
1468
1450
1469
1451
1470
1452
1471
1453
1472
1454
1473
1455
1474
1456
1475
1457
1476
1458
1477
1459
1478
1479
2220
1461
1480
1462
1481
1463
1482
1464
1483
1465
1484
1466
1485
1467
1486
1468
1487
1469
1488
1470
1489
1471
1490
1472
1491
1473
1492
1474
1493
1475
1494
1476
1495
1477
1496
1478
1497
1479
1498
1499
2230
1481
1500
1482
1501
1483
1502
1484
1503
1485
1504
1486
1505
1487
1506
1488
1507
1489
1508
1490
1509
1491
1510
1492
1511
1493
1512
1494
1513
1495
1514
1496
1515
1497
1516
1498
1517
1499
1518
1519
2240
1501
1520
1502
1521
1503
1522
1504
1523
1505
1524
1506
1525
1507
1526
1508
1527
1509
1528
1510
1529
1511
1530
1512
1531
1513
1532
1514
1533
1515
1534
1516
1535
1517
1536
1518
1537
1519
1538
1539
2250
1521
1540
1522
1541
1523
1542
1524
1543
1525
1544
1526
1545
1527
1546
1528
1547
1529
1548
1530
1549
1531
1550
1532
1551
1533
1552
1534
1553
1535
1554
1536
1555
1537
1556
1538
1557
1539
1558
1559
2260
1541
1560
1542
1561
1543
1562
1544
1563
1545
1564
1546
1565
1547
1566
1548
1567
1549
1568
1550
1569
1551
1570
1552
1571
1553
1572
1554
1573
1555
1574
1556
1575
1557
1576
1558
1577
1559
1578
1579
2270
1561
1580
1562
1581
1563
1582
1564
1583
1565
1584
1566
1585
1567
1586
1568
1587
1569
1588
1570
1589
1571
1590
1572
1591
1573
1592
1574
1593
1575
1594
1576
1595
1577
1596
1578
1597
1579
1598
1599
2280
1581
1582
1583
1584
1585
1586
1587
1588
1589
1590
1591
1592
1593
1594
1595
1596
1597
1598
1599
2290
1601
1610
1602
1611
1603
1612
1604
1613
1605
1614
1606
1615
1607
1616
1608
1617
1609
1618
1619
2300
1611
1620
1612
1621
1613
1622
1614
1623
1615
1624
1616
1625
1617
1626
1618
1627
1619
1628
1629
2320
1621
1630
1622
1631
1623
1632
1624
1633
1625
1634
1626
1635
1627
1636
1628
1637
1629
1638
1639
2340
1631
1640
1632
1641
1633
1642
1634
1643
1635
1644
1636
1645
1637
1646
1638
1647
1639
1648
1649
2360
1641
1650
1642
1651
1643
1652
1644
1653
1645
1654
1646
1655
1647
1656
1648
1657
1649
1658
1659
2380
1651
1660
1652
1661
1653
1662
1654
1663
1655
1664
1656
1665
1657
1666
1658
1667
1659
1668
1669
2400
1661
1670
1662
1671
1663
1672
1664
1673
1665
1674
1666
1675
1667
1676
1668
1677
1669
1678
1679
2420
1671
1680
1672
1681
1673
1682
1674
1683
1675
1684
1676
1685
1677
1686
1678
1687
1679
1688
1689
2440
1681
1690
1682
1691
1683
1692
1684
1693
1685
1694
1686
1695
1687
1696
1688
1697
1689
1698
1699
2460
1691
1700
1692
1701
1693
1702
1694
1703
1695
1704
1696
1705
1697
1706
1698
1707
1699
1708
1709
2480
1701
1710
1702
1711
1703
1712
1704
1713
1705
1714
1706
1715
1707
1716
1708
1717
1709
1718
1719
2500
1711
1720
1712
1721
1713
1722
1714
1723
1715
1724
1716
1725
1717
1726
1718
1727
1719
1728
1729
2520
1721
1730
1722
1731
1723
1732
1724
1733
1725
1734
1726
1735
1727
1736
1728
1737
1729
1738
1739
2540
1731
1740
1732
1741
1733
1742
1734
1743
1735
1744
1736
1745
1737
1746
1738
1747
1739
1748
1749
2560
1741
1750
1742
1751
1743
1752
1744
1753
1745
1754
1746
1755
1747
1756
1748
1757
1749
1758
1759
2580
1751
1760
1752
1761
1753
1762
1754
1763
1755
1764
1756
1765
1757
1766
1758
1767
1759
1768
1769
2600
1761
1770
1762
1771
1763
1772
1764
1773
1765
1774
1766
1775
1767
1776
1768
1777
1769
1778
1779
2620
1771
1780
1772
1781
1773
1782
1774
1783
1775
1784
1776
1785
1777
1786
1778
1787
1779
1788
1789
2640
1781
1790
1782
1791
1783
1792
1784
1793
1785
1794
1786
1795
1787
1796
1788
1797
1789
1798
1799
2660
1791
1792
1793
1794
1795
1796
1797
1798
1799
2680
1801
1810
1802
1811
1803
1812
1804
1813
1805
1814
1806
1815
1807
1816
1808
1817
1809
1818
1819
2900
1811
1820
1812
1821
1813
1822
1814
1823
1815
1824
1816
1825
1817
1826
1818
1827
1819
1828
1829
2920
1821
1830
1822
1831
1823
1832
1824
1833
1825
1834
1826
1835
1827
1836
1828
1837
1829
1838
1839
2940
1831
1840
1832
1841
1833
1842
1834
1843
1835
1844
1836
1845
1837
1846
1838
1847
1839
1848
1849
2960
1841
1850
1842
1851
1843
1852
1844
1853
1845
1854
1846
1855
1847
1856
1848
1857
1849
1858
1859
2980
1851
1860
1852
1861
1853
1862
1854
1863
1855
1864
1856
1865
1857
1866
1858
1867
1859
1868
1869
3000
1861
1870
1862
1871
1863
1872
1864
1873
1865
1874
1866
1875
1867
1876
1868
1877
1869
1878
1879
3020
1871
1880
1872
1881
1873
1882
1874
1883
1875
1884
1876
1885
1877
1886
1878
1887
1879
1888
1889
3040
1881
1890
1882
1891
1883
1892
1884
1893
1885
1894
1886
1895
1887
1896
1888
1897
1889
1898
1899
3060
1891
1900
1892
1901
1893
1902
1894
1903
1895
1904
1896
1905
1897
1906
1898
1907
1899
1908
1909
3080
1901
1910
1902
1911
1903
1912
1904
1913
1905
1914
1906
1915
1907
1916
1908
1917
1909
1918
1919
3100
1911
1920
1912
1921
1913
1922
1914
1923
1915
1924
1916
1925
1917
1926
1918
1927
1919
1928
1929
3120
1921
1930
1922
1931
1923
1932
1924
1933
1925
1934
1926
1935
1927
1936
1928
1937
1929
1938
1939
3140
1931
1940
1932
1941
1933
1942
1934
1943
1935
1944
1936
1945
1937
1946
1938
1947
1939
1948
1949
3160
1941
1950
1942
1951
1943
1952
1944
1953
1945
1954
1946
1955
1947
1956
1948
1957
1949
1958
1959
3180
1951
1960
1952
1961
1953
1962
1954
1963
1955
1964
1956
1965
1957
1966
1958
1967
1959
1968
1969
3200
1961
1970
1962
1971
1963
1972
1964
1973
1965
1974
1966
1975
1967
1976
1968
1977
1969
1978
1979
3220
1971
1980
1972
1981
1973
1982
1974
1983
1975
1984
1976
1985
1977
1986
1978
1987
1979
1988
1989
3240
1981
1990
1982
1991
1983
1992
1984
1993
1985
1994
1986
1995
1987
1996
1988
1997
1989
1998
1999
3260
1991
2000
1992
2001
1993
2002
1994
2003
1995
2004
1996
2005
1997
2006
1998
2007
1999
2008
2009
3280
2001
2010
2002
2011
2003
2012
2004
2013
2005
2014
2006
2015
2007
2016
2008
2017
2009
2018
2019
3300
2011
2020
2012
2021
2013
2022
2014
2023
2015
2024
2016
2025
2017
2026
2018
2027
2019
2028
2029
3320
2021
2030
2022
2031
2023
2032
2024
2033
2025
2034
2026
2035
2027
2036
2028
2037
2029
2038
2039
3340
2031
2040
2032
2041
2033
2042
2034
2043
2035
2044
2036
2045
2037
2046
2038
2047
2039
2048
2049
3360
2041
2050
2042
2051
2043
2052
2044
2053
2045
2054
2046
2055
2047
2056
2048
2057
2049
2058
2059
3380
2051
2060
2052
2061
2053
2062
2054
2063
2055
2064
2056
2065
2057
2066
2058
2067
2059
2068
2069
3400
2061
2070
2062
2071
2063
2072
2064
2073
2065
2074
2066
2075
2067
2076
2068
2077
2069
2078
2079
3420
2071
2080
2072
2081
2073
2082
2074
2083
2075
2084
2076
2085
2077
2086
2078
2087
2079
2088
2089
3440
2081
2090
2082
2091
2083
2092
2084
2093
2085
2094
2086
2095
2087
2096
2088
2097
2089
2098
2099
3460
2091
2100
2092
2101
2093
2102
2094
2103
2095
2104
2096
2105
2097
2106
2098
2107
2099
2108
2109
3480
2101
2110
2102
2111
2103
2112
2104
2113
2105
2114
2106
2115
2107
2116
2108
2117
2109
2118
2119
3500
2111
2120
2112
2121
2113
2122
2114
2123
2115
2124
2116
2125
2117
2126
2118
2127
2119
2128
2129
3520
2121
2130
2122
2131
2123
2132
2124
2133
2125
2134
2126
2135
2127
2136
2128
2137
2129
2138
2139
3540
2131
2140
2132
2141
2133
2142
2134
2143
2135
2144
2136
2145
2137
2146
2138
2147
2139
2148
2149
3560
2141
2150
2142
2151
2143
2152
2144
2153
2145
2154
2146
2155
2147
2156
2148
2157
2149
2158
2159
3580
2151
2160
2152
2161
2153
2162
2154
2163
2155
2164
2156
2165
2157
2166
2158
2167
2159
2168
2169
3600
2161
2170
2162
2171
2163
2172
2164
2173
2165
2174
2166
2175
2167
2176
2168
2177
2169
2178
2179
3620
2171
2180
2172
2181
2173
2182
2174
2183
2175
2184
2176
2185
2177
2186
2178
2187
2179
2188
2189
3640
2181
2190
2182
2191
2183
2192
2184
2193
2185
2194
2186
2195
2187
2196
2188
2197
2189
2198
2199
3660
2191
2200
2192
2201
2193
2202
2194
2203
2195
2204
2196
2205
2197
2206
2198
2207
2199
2208
2209
3680
2201
2210
2202
2211
2203
2212
2204
2213
2205
2214
2206
2215
2207
2216
2208
2217
2209
2218
2219
3700
2211
2220
2212
2221
2213
2222
2214
2223
2215
2224
2216
2225
2217
2226
2218
2227
2219
2228
2229
3720
2221
2230
2222
2231
2223
2232
2224
2233
2225
2234
2226
2235
2227
2236
2228
2237
2229
2238
2239
3740
2231
2240
2232
2241
2233
2242
2234
2243
2235
2244
2236
2245
2237
2246
2238
2247
2239
2248
2249
3760
2241
2250
2242
2251
2243
2252
2244
2253
2245
2254
2246
2255
2247
2256
2248
2257
2249
2258
2259
3780
2251
2260
2252
2261
2253
2262
2254
2263
2255
2264
2256
2265
2257
2266
2258
2267
2259
2268
2269
3800
2261
2270
2262
2271
2263
2272
2264
2273
2265
2274
2266
2275
2267
2276
2268
2277
2269
2278
2279
3820
2271
2280
2272
2281
2273
2282
2274
2283
2275
2284
2276
2285
2277
2286
2278
2287
2279
2288
2289
3840
2281
2290
2282
2291
2283
2292
2284
2293
2285
2294
2286
2295
2287
2296
2288
2297
2289
2298
2299
3860
2291
2292
2293
2294
2295
2296
2297
2298
2299
3880
2301
2320
2302
2321
2303
2322
2304
2323
2305
2324
2306
2325
2307
2326
2308
2327
2309
2328
2310
2329
2311
2330
2312
2331
2313
2332
2314
2333
2315
2334
2316
2335
2317
2336
2318
2337
2319
2338
2339
2321
2340
2322
2341
2323
2342
2324
2343
2325
2344
2326
2345
2327
2346
2328
2347
2329
2348
2330
2349
2331
2350
2332
2351
2333
2352
2334
2353
2335
2354
2336
2355
2337
2356
2338
2357
2339
2358
2359
2341
2360
2342
2361
2343
2362
2344
2363
2345
2364
2346
2365
2347
2366
2348
2367
2349
2368
2350
2369
2351
2370
2352
2371
2353
2372
2354
2373
2355
2374
2356
2375
2357
2376
2358
2377
2359
2378
2379
2361
2380
2362
2381
2363
2382
2364
2383
2365
2384
2366
2385
2367
2386
2368
2387
2369
2388
2370
2389
2371
2390
2372
2391
2373
2392
2374
2393
2375
2394
2376
2395
2377
2396
2378
2397
2379
2398
2399
2381
2400
2382
2401
2383
2402
2384
2403
2385
2404
2386
2405
2387
2406
2388
2407
2389
2408
2390
2409
2391
2410
2392
2411
2393
2412
2394
2413
2395
2414
2396
2415
2397
2416
2398
2417
2399
2418
2419
2401
2420
2402
2421
2403
2422
2404
2423
2405
2424
2406
2425
2407
2426
2408
2427
2409
2428
2410
2429
2411
2430
2412
2431
2413
2432
2414
2433
2415
2434
2416
2435
2417
2436
2418
2437
2419
2438
2439
2421
2440
2422
2441
2423
2442
2424
2443
2425
2444
2426
2445
2427
2446
2428
2447
2429
2448
2430
2449
2431
2450
2432
2451
2433
2452
2434
2453
2435
2454
2436
2455
2437
2456
2438
2457
2439
2458
2459
2441
2460
2442
2461
2443
2462
2444
2463
2445
2464
2446
2465
2447
2466
2448
2467
2449
2468
2450
2469
2451
2470
2452
2471
2453
2472
2454
2473
2455
2474
2456
2475
2457
2476
2458
2477
2459
2478
2479
2461
2480
2462
2481
2463
2482
2464
2483
2465
2484
2466
2485
2467
2486
2468
2487
2469
2488
2470
2489
2471
2490
2472
2491
2473
2492
2474
2493
2475
2494
2476
2495
2477
2496
2478
2497
2479
2498
2499
2481
2500
2482
2501
2483
2502
2484
2503
2485
2504
2486
2505
2487
2506
2488
2507
2489
2508
2490
2509
2491
2510
2492
2511
2493
2512
2494
2513
2495
2514
2496
2515
2497
2516
2498
2517
2499
2518
2519
2501
2520
2502
2521
2503
2522
2504
2523
2505
2524
2506
2525
2507
2526
2508
2527
2509
2528
2510
2529
2511
2530
2512
2531
2513
2532
2514
2533
2515
2534
2516
2535
2517
2536
2518
2537
2519
2538
2539
2521
2540
2522
2541
2523
2542
2524
2543
2525
2544
2526
2545
2527
2546
2528
2547
2529
2548
2530
2549
2531
2550
2532
2551
2533
2552
2534
2553
2535
2554
2536
2555
2537
2556
2538
2557
2539
2558
2559
2541
2560
2542
2561
2543
2562
2544
2563
2545
2564
2546
2565
2547
2566
2548
2567
2549
2568
2550
2569
2551
2570
2552
2571
2553
2572
2554
2573
2555
2574
2556
2575
2557
2576
2558
2577
2559
2578
2579
2561
2580
2562
2581
2563
2582
2564
2583
2565
2584
2566
2585
2567
2586
2568
2587
2569
2588
2570
2589
2571
2590
2572
2591
2573
2592
2574
2593
2575
2594
2576
2595
2577
2596
2578
2597
2579
2598
2599
2581
2600
2582
2601
2583
2602
2584
2603
2585
2604
2586
2605
2587
2606
2588
2607
2589
2608
2590
2609
2591
2610
2592
2611
2593
2612
2594
2613
2595
2614
2596
2615
2597
2616
2598
2617
2599
2618
2619
2601
2620
2602
2621
2603
2622
2604
2623
2605
2624
2606
2625
2607
2626
2608
2627
2609
2628
2610
2629
2611
2630
2612
2631
2613
2632
2614
2633
2615
2634
2616
2635
2617
2636
2618
2637
2619
2638
2639
2621
2640
2622
2641
2623
2642
2624
2643
2625
2644
2626
2645
2627
2646
2628
2647
2629
2648
2630
2649
2631
2650
2632
2651
2633
2652
2634
2653
2635
2654
2636
2655
2637
2656
2638
2657
2639
2658
2659
2641
2660
2642
2661
2643
2662
2644
2663
2645
2664
2646
2665
2647
2666
2648
2667
2649
2668
2650
2669
2651
2670
2652
2671
2653
2672
2654
2673
2655
2674
2656
2675
2657
2676
2658
2677
2659
2678
2679
2661
2680
2662
2681
2663
2682
2664
2683
2665
2684
2666
2685
2667
2686
2668
2687
2669
2688
2670
2689
2671
2690
2672
2691
2673
2692
2674
2693
2675
2694
2676
2695
2677
2696
2678
2697
2679
2698
2699
2681
2700
2682
2701
2683
2702
2684
2703
2685
2704
2686
2705
2687
2706
2688
2707
2689
2708
2690
2709
2691
2710
2692
2711
2693
2712
2694
2713
2695
2714
2696
2715
2697
2716
2698
2717
2699
2718
2719
2701
2720
2702
2721
2703
2722
2704
2723
2705
2724
2706
2725
2707
2726
2708
2727
2709
2728
2710
2729
2711
2730
2712
2731
2713
2732
2714
2733
2715
2734
2716
2735
2717
2736
2718
2737
2719
2738
2739
2721
2740
2722
2741
2723
2742
2724
2743
2725
2744
2726
2745
2727
2746
2728
2747
2729
2748
2730
2749
2731
2750
2732
2751
2733
2752
2734
2753
2735
2754
2736
2755
2737
2756
2738
2757
2739
2758
2759
2741
2760
2742
2761
2743
2762
2744
2763
2745
2764
2746
2765
2747
2766
2748
2767
2749
2768
2750
2769
2751
2770
2752
2771
2753
2772
2754
2773
2755
2774
2756
2775
2757
2776
2758
2777
2759
2778
2779
2761
2780
2762
2781
2763
2782
2764
2783
2765
2784
2766
2785
2767
2786
2768
2787
2769
2788
2770
2789
2771
2790
2772
2791
2773
2792
2774
2793
2775
2794
2776
2795
2777
2796
2778
2797
2779
2798
2799
2781
2800
2782
2801
2783
2802
2784
2803
2785
2804
2786
2805
2787
2806
2788
2807
2789
2808
2790
2809
2791
2810
2792
2811
2793
2812
2794
2813
2795
2814
2796
2815
2797
2816
2798
2817
2799
2818
2819
2801
2820
2802
2821
2803
2822
2804
2823
2805
2824
2806
2825
2807
2826
2808
2827
2809
2828
2810
2829
2811
2830
2812
2831
2813
2832
2814
2833
2815
2834
2816
2835
2817
2836
2818
2837
2819
2838
2839
2821
2840
2822
2841
2823
2842
2824
2843
2825
2844
2826
2845
2827
2846
2828
2847
2829
2848
2830
2849
2831
2850
2832
2851
2833
2852
2834
2853
2835
2854
2836
2855
2837
2856
2838
2857
2839
2858
2859
2841
2860
2842
2861
2843
2862
2844
2863
2845
2864
2846
2865
2847
2866
2848
2867
2849
2868
2850
2869
2851
2870
2852
2871
2853
2872
2854
2873
2855
2874
2856
2875
2857
2876
2858
2877
2859
2878
2879
2861
2880
2862
2881
2863
2882
2864
2883
2865
2884
2866
2885
2867
2886
2868
2887
2869
2888
2870
2889
2871
2890
2872
2891
2873
2892
2874
2893
2875
2894
2876
2895
2877
2896
2878
2897
2879
2898
2899
2881
2900
2882
2901
2883
2902
2884
2903
2885
2904
2886
2905
2887
2906
2888
2907
2889
2908
2890
2909
2891
2910
2892
2911
2893
2912
2894
2913
2895
2914
2896
2915
2897
2916
2898
2917
2899
2918
2919
2901
2920
2902
2921
2903
2922
2904
2923
2905
2924
2906
2925
2907
2926
2908
2927
2909
2928
2910
2929
2911
2930
2912
2931
2913
2932
2914
2933
2915
2934
2916
2935
2917
2936
2918
2937
2919
2938
2939
2921
2940
2922
2941
2923
2942
2924
2943
2925
2944
2926
2945
2927
2946
2928
2947
2929
2948
2930
2949
2931
2950
2932
2951
2933
2952
2934
2953
2935
2954
2936
2955
2937
2956
2938
2957
2939
2958
2959
2941
2960
2942
2961
2943
2962
2944
2963
2945
2964
2946
2965
2947
2966
2948
2967
2949
2968
2950
2969
2951
2970
2952
2971
2953
2972
2954
2973
2955
2974
2956
2975
2957
2976
2958
2977
2959
2978
2979
2961
2980
2962
2981
2963
2982
2964
2983
2965
2984
2966
2985
2967
2986
2968
2987
2969
2988
2970
2989
2971
2990
2972
2991
2973
2992
2974
2993
2975
2994
2976
2995
2977
2996
2978
2997
2979
2998
2999
2981
3000
2982
3001
2983
3002
2984
3003
2985
3004
2986
3005
2987
3006
2988
3007
2989
3008
2990
3009
2991
3010
2992
3011
2993
3012
2994
3013
2995
3014
2996
3015
2997
3016
2998
3017
2999
3018
3019
3001
3020
3002
3021
3003
3022
3004
3023
3005
3024
3006
3025
3007
3026
3008
3027
3009
3028
3010
3029
3011
3030
3012
3031
3013
3032
3014
3033
3015
3034
3016
3035
3017
3036
3018
3037
3019
3038
3039
3021
3040
3022
3041
3023
3042
3024
3043
3025
3044
3026
3045
3027
3046
3028
3047
3029
3048
3030
3049
3031
3050
3032
3051
3033
3052
3034
3053
3035
3054
3036
3055
3037
3056
3038
3057
3039
3058
3059
3041
3060
3042
3061
3043
3062
3044
3063
3045
3064
3046
3065
3047
3066
3048
3067
3049
3068
3050
3069
3051
3070
3052
3071
3053
3072
3054
3073
3055
3074
3056
3075
3057
3076
3058
3077
3059
3078
3079
3061
3080
3062
3081
3063
3082
3064
3083
3065
3084
3066
3085
3067
3086
3068
3087
3069
3088
3070
3089
3071
3090
3072
3091
3073
3092
3074
3093
3075
3094
3076
3095
3077
3096
3078
3097
3079
3098
3099
3081
3100
3082
3101
3083
3102
3084
3103
3085
3104
3086
3105
3087
3106
3088
3107
3089
3108
3090
3109
3091
3110
3092
3111
3093
3112
3094
3113
3095
3114
3096
3115
3097
3116
3098
3117
3099
3118
3119
3101
3120
3102
3121
3103
3122
3104
3123
3105
3124
3106
3125
3107
3126
3108
3127
3109
3128
3110
3129
3111
3130
3112
3131
3113
3132
3114
3133
3115
3134
3116
3135
3117
3136
3118
3137
3119
3138
3139
3121
3140
3122
3141
3123
3142
3124
3143
3125
3144
3126
3145
3127
3146
3128
3147
3129
3148
3130
3149
3131
3150
3132
3151
3133
3152
3134
3153
3135
3154
3136
3155
3137
3156
3138
3157
3139
3158
3159
3141
3160
3142
3161
3143
3162
3144
3163
3145
3164
3146
3165
3147
3166
3148
3167
3149
3168
3150
3169
3151
3170
3152
3171
3153
3172
3154
3173
3155
3174
3156
3175
3157
3176
3158
3177
3159
3178
3179
3161
3180
3162
3181
3163
3182
3164
3183
3165
3184
3166
3185
3167
3186
3168
3187
3169
3188
3170
3189
3171
3190
3172
3191
3173
3192
3174
3193
3175
3194
3176
3195
3177
3196
3178
3197
3179
3198
3199
3181
3200
3182
3201
3183
3202
3184
3203
3185
3204
3186
3205
3187
3206
3188
3207
3189
3208
3190
3209
3191
3210
3192
3211
3193
3212
3194
3213
3195
3214
3196
3215
3197
3216
3198
3217
3199
3218
3219
3201
3220
3202
3221
3203
3222
3204
3223
3205
3224
3206
3225
3207
3226
3208
3227
3209
3228
3210
3229
3211
3230
3212
3231
3213
3232
3214
3233
3215
3234
3216
3235
3217
3236
3218
3237
3219
3238
3239
3221
3240
3222
3241
3223
3242
3224
3243
3225
3244
3226
3245
3227
3246
3228
3247
3229
3248
3230
3249
3231
3250
3232
3251
3233
3252
3234
3253
3235
3254
3236
3255
3237
3256
3238
3257
3239
3258
3259
3241
3260
3242
3261
3243
3262
3244
3263
3245
3264
3246
3265
3247
3266
3248
3267
3249
3268
3250
3269
3251
3270
3252
3271
3253
3272
3254
3273
3255
3274
3256
3275
3257
3276
3258
3277
3259
3278
3279
3261
3280
3262
3281
3263
3282
3264
3283
3265
3284
3266
3285
3267
3286
3268
3287
3269
3288
3270
3289
3271
3290
3272
3291
3273
3292
3274
3293
3275
3294
3276
3295
3277
3296
3278
3297
3279
3298
3299
3281
3300
3282
3301
3283
3302
3284
3303
3285
3304
3286
3305
3287
3306
3288
3307
3289
3308
3290
3309
3291
3310
3292
3311
3293
3312
3294
3313
3295
3314
3296
3315
3297
3316
3298
3317
3299
3318
3319
3301
3320
3302
3321
3303
3322
3304
3323
3305
3324
3306
3325
3307
3326
3308
3327
3309
3328
3310
3329
3311
3330
3312
3331
3313
3332
3314
3333
3315
3334
3316
3335
3317
3336
3318
3337
3319
3338
3339
3321
3340
3322
3341
3323
3342
3324
3343
3325
3344
3326
3345
3327
3346
3328
3347
3329
3348
3330
3349
3331
3350
3332
3351
3333
3352
3334
3353
3335
3354
3336
3355
3337
3356
3338
3357
3339
3358
3359
3341
3360
3342
3361
3343
3362
3344
3363
3345
3364
3346
3365
3347
3366
3348
3367
3349
3368
3350
3369
3351
3370
3352
3371
3353
3372
3354
3373
3355
3374
3356
3375
3357
3376
3358
3377
3359
3378
3379
3361
3380
3362
3381
3363
3382
3364
3383
3365
3384
3366
3385
3367
3386
3368
3387
3369
3388
3370
3389
3371
3390
3372
3391
3373
3392
3374
3393
3375
3394
3376
3395
3377
3396
3378
3397
3379
3398
3399
3381
3400
3382
3401
3383
3402
3384
3403
3385
3404
3386
3405
3387
3406
3388
3407
3389
3408
3390
3409
3391
3410
3392
3411
3393
3412
3394
3413
3395
3414
3396
3415
3397
3416
3398
3417
3399
3418
3419
3401
3420
3402
3421
3403
3422
3404
3423
3405
3424
3406
3425
3407
3426
3408
3427
3409
3428
3410
3429
3411
3430
3412
3431
3413
3432
3414
3433
3415
3434
3416
3435
3417
3436
3418
3437
3419
3438
3439
3421
3440
3422
3441
3423
3442
3424
3443
3425
3444
3426
3445
3427
3446
3428
3447
3429
3448
3430
3449
3431
3450
3432
3451
3433
3452
3434
3453
3435
3454
3436
3455
3437
3456
3438
3457
3439
3458
3459
3441
3460
3442
3461
3443
3462
3444
3463
3445
3464
3446
3465
3447
3466
3448
3467
3449
3468
3450
3469
3451
3470
3452
3471
3453
3472
3454
3473
3455
3474
3456
3475
3457
3476
3458
3477
3459
3478
3479
3461
3480
3462
3481
3463
3482
3464
3483
3465
3484
3466
3485
3467
3486
3468
3487
3469
3488
3470
3489
3471
3490
3472
3491
3473
3492
3474
3493
3475
3494
3476
3495
3477
3496
3478
3497
3479
3498
3499
3481
3500
3482
3501
3483
3502
3484
3503
3485
3504
3486
3505
3487
3506
3488
3507
3489
3508
3490
3509
3491
3510
3492
3511
3493
3512
3494
3513
3495
3514
3496
3515
3497
3516
3498
3517
3499
3518
3519
3501
3520
3502
3521
3503
3522
3504
3523
3505
3524
3506
3525
3507
3526
3508
3527
3509
3528
3510
3529
3511
3530
3512
3531
3513
3532
3514
3533
3515
3534
3516
3535
3517
3536
3518
3537
3519
3538
3539
3521
3540
3522
3541
3523
3542
3524
3543
3525
3544
3526
3545
3527
3546
3528
3547
3529
3548
3530
3549
3531
3550
3532
3551
3533
3552
3534
3553
3535
3554
3536
3555
3537
3556
3538
3557
3539
3558
3559
3541
3560
3542
3561
3543
3562
3544
3563
3545
3564
3546
3565
3547
3566
3548
3567
3549
3568
3550
3569
3551
3570
3552
3571
3553
3572
3554
3573
3555
3574
3556
3575
3557
3576
3558
3577
3559
3578
3579
3561
3580
3562
3581
3563
3582
3564
3583
3565
3584
3566
3585
3567
3586
3568
3587
3569
3588
3570
3589
3571
3590
3572
3591
3573
3592
3574
3593
3575
3594
3576
3595
3577
3596
3578
3597
3579
3598
3599
3581
3600
3582
3601
3583
3602
3584
3603
3585
3604
3586
3605
3587
3606
3588
3607
3589
3608
3590
3609
3591
3610
3592
3611
3593
3612
3594
3613
3595
3614
3596
3615
3597
3616
3598
3617
3599
3618
3619
3601
3620
3602
3621
3603
3622
3604
3623
3605
3624
3606
3625
3607
3626
3608
3627
3609
3628
3610
3629
3611
3630
3612
3631
3613
3632
3614
3633
3615
3634
3616
3635
3617
3636
3618
3637
3619
3638
3639
3621
3640
3622
3641
3623
3642
3624
3643
3625
3644
3626
3645
3627
3646
3628
3647
3629
3648
3630
3649
3631
3650
3632
3651
3633
3652
3634
3653
3635
3654
3636
3655
3637
3656
3638
3657
3639
3658
3659
3641
3660
3642
3661
3643
3662
3644
3663
3645
3664
3646
3665
3647
3666
3648
3667
3649
3668
3650
3669
3651
3670
3652
3671
3653
3672
3654
3673
3655
3674
3656
3675
3657
3676
3658
3677
3659
3678
3679
3661
3680
3662
3681
3663
3682
3664
3683
3665
3684
3666
3685
3667
3686
3668
3687
3669
3688
3670
3689
3671
3690
3672
3691
3673
3692
3674
3693
3675
3694
3676
3695
3677
3696
3678
3697
3679
3698
3699
3681
3700
3682
3701
3683
3702
3684
3703
3685
3704
3686
3705
3687
3706
3688
3707
3689
3708
3690
3709
3691
3710
3692
3711
3693
3712
3694
3713
3695
3714
3696
3715
3697
3716
3698
3717
3699
3718
3719
3701
3720
3702
3721
3703
3722
3704
3723
3705
3724
3706
3725
3707
3726
3708
3727
3709
3728
3710
3729
3711
3730
3712
3731
3713
3732
3714
3733
3715
3734
3716
3735
3717
3736
3718
3737
3719
3738
3739
3721
3740
3722
3741
3723
3742
3724
3743
3725
3744
3726
3745
3727
3746
3728
3747
3729
3748
3730
3749
3731
3750
3732
3751
3733
3752
3734
3753
3735
3754
3736
3755
3737
3756
3738
3757
3739
3758
3759
3741
3760
3742
3761
3743
3762
3744
3763
3745
3764
3746
3765
3747
3766
3748
3767
3749
3768
3750
3769
3751
3770
3752
3771
3753
3772
3754
3773
3755
3774
3756
3775
3757
3776
3758
3777
3759
3778
3779
3761
3780
3762
3781
3763
3782
3764
3783
3765
3784
3766
3785
3767
3786
3768
3787
3769
3788
3770
3789
3771
3790
3772
3791
3773
3792
3774
3793
3775
3794
3776
3795
3777
3796
3778
3797
3779
3798
3799
3781
3800
3782
3801
3783
3802
3784
3803
3785
3804
3786
3805
3787
3806
3788
3807
3789
3808
3790
3809
3791
3810
3792
3811
3793
3812
3794
3813
3795
3814
3796
3815
3797
3816
3798
3817
3799
3818
3819
3801
3820
3802
3821
3803
3822
3804
3823
3805
3824
3806
3825
3807
3826
3808
3827
3809
3828
3810
3829
3811
3830
3812
3831
3813
3832
3814
3833
3815
3834
3816
3835
3817
3836
3818
3837
3819
3838
3839
3821
3840
3822
3841
3823
3842
3824
3843
3825
3844
3826
3845
3827
3846
3828
3847
3829
3848
3830
3849
3831
3850
3832
3851
3833
3852
3834
3853
3835
3854
3836
3855
3837
3856
3838
3857
3839
3858
3859
3841
3860
3842
3861
3843
3862
3844
3863
3845
3864
3846
3865
3847
3866
3848
3867
3849
3868
3850
3869
3851
3870
3852
3871
3853
3872
3854
3873
3855
3874
3856
3875
3857
3876
3858
3877
3859
3878
3879
3861
3880
3862
3881
3863
3882
3864
3883
3865
3884
3866
3885
3867
3886
3868
3887
3869
3888
3870
3889
3871
3890
3872
3891
3873
3892
3874
3893
3875
3894
3876
3895
3877
3896
3878
3897
3879
3898
3899
3881
3882
3883
3884
3885
3886
3887
3888
3889
3890
3891
3892
3893
3894
3895
3896
3897
3898
3899
)


// ************************************************************************* //
